[gd_scene format=3 uid="uid://dvtfflyj2wnh7"]

[ext_resource type="Script" uid="uid://vojqxe207xwt" path="res://addons/zylann.hterrain/hterrain.gd" id="1_6uo2k"]
[ext_resource type="Resource" uid="uid://cokl4qvnper31" path="res://data_terrain/graveyard terrain/data.hterrain" id="2_whxyv"]
[ext_resource type="Script" uid="uid://bt278ef3qrx7h" path="res://addons/zylann.hterrain/hterrain_texture_set.gd" id="3_vwnn2"]
[ext_resource type="Texture2D" uid="uid://dnk4w1o5likrw" path="res://assets/textures/Grass005_1K-PNG_Displacement.png" id="4_7x5b5"]
[ext_resource type="PackedScene" uid="uid://dsf1im1wt7jie" path="res://scenes/Collisions/arch_gate.tscn" id="5_2dajg"]
[ext_resource type="Texture2D" uid="uid://67r1njq1jq0c" path="res://assets/textures/360_F_603980502_qIAJ5hytZnM0U4JMmwiY1C71Qj3BEHVV.jpg" id="5_i863g"]
[ext_resource type="Texture2D" uid="uid://nra28017mqyk" path="res://assets/textures/R.jpg" id="6_psvny"]
[ext_resource type="PackedScene" uid="uid://bxbwd5c1ee00c" path="res://scenes/Collisions/crypt.tscn" id="8_a7vut"]
[ext_resource type="PackedScene" uid="uid://36emjsg15icb" path="res://scenes/Collisions/fence_pillar.tscn" id="8_oqdcf"]
[ext_resource type="PackedScene" uid="uid://b1uauu0ddqkx7" path="res://scenes/Collisions/tree_dead_small.tscn" id="23_a7vut"]
[ext_resource type="PackedScene" uid="uid://byy8otmxn3pkt" path="res://assets/Mesh Graveyard/fbx/grave_A.fbx" id="23_wmh2o"]
[ext_resource type="PackedScene" uid="uid://bqbehydgew5uf" path="res://scenes/Collisions/post_lantern.tscn" id="24_lgker"]
[ext_resource type="PackedScene" uid="uid://b5486ch34qldl" path="res://scenes/Collisions/post_skull.tscn" id="25_5uk6q"]
[ext_resource type="PackedScene" uid="uid://cjcr1hx551du6" path="res://scenes/Collisions/bone_a.tscn" id="25_oqdcf"]
[ext_resource type="PackedScene" uid="uid://dki7g1fmr53rk" path="res://assets/Mesh Graveyard/fbx/plaque.fbx" id="25_xu5yr"]
[ext_resource type="PackedScene" uid="uid://4nji5g6rscex" path="res://scenes/Collisions/post.tscn" id="26_l6fg0"]
[ext_resource type="PackedScene" uid="uid://dld8esuaiu6u8" path="res://scenes/Collisions/bone_b.tscn" id="26_vpao2"]
[ext_resource type="PackedScene" uid="uid://c2p4yelnwchdx" path="res://scenes/Collisions/tree_dead_medium.tscn" id="27_pgi4y"]
[ext_resource type="PackedScene" uid="uid://coctxygy26lp8" path="res://assets/Mesh Graveyard/fbx/skull.fbx" id="28_7dbwh"]
[ext_resource type="PackedScene" uid="uid://cc5kaqcimh0k" path="res://scenes/Collisions/ribcage.tscn" id="30_17ynj"]
[ext_resource type="PackedScene" uid="uid://2nr31b5horhe" path="res://scenes/Collisions/skull_candle.tscn" id="32_lgker"]
[ext_resource type="PackedScene" uid="uid://bryc4xnelx42o" path="res://scenes/Collisions/coffin.tscn" id="33_dxgjj"]
[ext_resource type="PackedScene" uid="uid://c5g8j04a838e4" path="res://scenes/Collisions/skull.tscn" id="34_5uk6q"]
[ext_resource type="PackedScene" uid="uid://dqd8bpulvpe1w" path="res://assets/Mesh Graveyard/fbx/candle_melted.fbx" id="35_lbgwf"]
[ext_resource type="PackedScene" uid="uid://ddmaqvjyjl07m" path="res://assets/Mesh Graveyard/fbx/floor_dirt_grave.fbx" id="36_8d2an"]
[ext_resource type="PackedScene" uid="uid://bhfoudrsi3gsq" path="res://scenes/Collisions/gravestone.tscn" id="36_l1v2s"]
[ext_resource type="PackedScene" uid="uid://c84ln5a6vslxd" path="res://scenes/Collisions/gravemarker_a.tscn" id="36_vpao2"]
[ext_resource type="PackedScene" uid="uid://cuxpl5ngt2o80" path="res://scenes/Collisions/grave_b.tscn" id="37_a7vut"]
[ext_resource type="PackedScene" uid="uid://cexb1px1iq0ng" path="res://scenes/Collisions/gravemarker_b.tscn" id="37_vpao2"]
[ext_resource type="PackedScene" path="res://scenes/Collisions/tree_pine_yellow_large.tscn" id="38_vpao2"]
[ext_resource type="PackedScene" uid="uid://0rnjgk85woi0" path="res://scenes/Collisions/shrine.tscn" id="39_l6fg0"]
[ext_resource type="PackedScene" uid="uid://d2eder4aolp38" path="res://assets/3D/Tomba1.glb" id="40_5uk6q"]
[ext_resource type="PackedScene" uid="uid://csmobhdu4w4fp" path="res://scenes/Collisions/grave_a.tscn" id="40_pgi4y"]
[ext_resource type="PackedScene" uid="uid://cdh07f0ahctua" path="res://scenes/Collisions/grave_a_destroyed.tscn" id="41_17ynj"]
[ext_resource type="PackedScene" uid="uid://b01wwa82fddnm" path="res://scenes/Collisions/fence_seperate_broken.tscn" id="41_a7vut"]
[ext_resource type="PackedScene" uid="uid://cvlefwuw2uljc" path="res://scenes/Collisions/tree_pine_orange_small.tscn" id="42_lgker"]
[ext_resource type="PackedScene" uid="uid://c3715oyku61f8" path="res://scenes/Collisions/tree_pine_yellow_medium.tscn" id="43_5uk6q"]
[ext_resource type="PackedScene" uid="uid://5uaw20pscdik" path="res://scenes/Collisions/tree_pine_yellow_small.tscn" id="44_l6fg0"]
[ext_resource type="PackedScene" uid="uid://ccfb6gib7387b" path="res://scenes/Collisions/bench_decorated.tscn" id="45_dxgjj"]
[ext_resource type="PackedScene" uid="uid://djycaqqisdqwm" path="res://assets/Mesh Graveyard/fbx/arch.fbx" id="46_3f8l7"]
[ext_resource type="PackedScene" uid="uid://b7rlcx1rki46q" path="res://scenes/Collisions/bench.tscn" id="46_l1v2s"]
[ext_resource type="PackedScene" uid="uid://ckcwxssmjgdri" path="res://scenes/Collisions/tree_pine_orange_medium.tscn" id="46_pgi4y"]
[ext_resource type="PackedScene" uid="uid://d1r5xs1lte4ys" path="res://assets/Mesh Graveyard/fbx/bone_C.fbx" id="48_02nll"]
[ext_resource type="PackedScene" uid="uid://67ph82uhj4oh" path="res://scenes/Collisions/tree_pine_orange_large.tscn" id="48_17ynj"]
[ext_resource type="PackedScene" uid="uid://bp0j82n5ls1tw" path="res://scenes/Collisions/shrine_candles.tscn" id="48_nfs6y"]
[ext_resource type="PackedScene" uid="uid://bu0csnq00pyyi" path="res://scenes/Collisions/fence.tscn" id="49_dxgjj"]
[ext_resource type="PackedScene" uid="uid://cl0eamgc5sij5" path="res://scenes/Collisions/fence_broken.tscn" id="50_l1v2s"]
[ext_resource type="PackedScene" uid="uid://rxvfcp0pdns8" path="res://scenes/Collisions/tree_dead_large.tscn" id="50_nfs6y"]
[ext_resource type="PackedScene" uid="uid://crxsf4xrh232p" path="res://scenes/Collisions/pumpkin_yellow_jackolantern.tscn" id="51_a7vut"]
[ext_resource type="PackedScene" uid="uid://cbf6d5rdqm3oa" path="res://scenes/Collisions/fence_gate.tscn" id="51_nfs6y"]
[ext_resource type="PackedScene" uid="uid://bknlrxujrca65" path="res://scenes/Collisions/tree_dead_large_decorated.tscn" id="52_3gxe6"]
[ext_resource type="PackedScene" uid="uid://c1qihdenasb7v" path="res://scenes/Collisions/pillar.tscn" id="52_lgker"]
[ext_resource type="PackedScene" uid="uid://kskbp6x8ypvw" path="res://scenes/Collisions/coffin_decorated.tscn" id="53_dw5wf"]
[ext_resource type="PackedScene" uid="uid://dhn0ni2okeplp" path="res://scenes/Collisions/tomba_1.tscn" id="53_l6fg0"]
[ext_resource type="PackedScene" uid="uid://8d8768euabnx" path="res://scenes/Collisions/tomba_2.tscn" id="54_pgi4y"]
[ext_resource type="PackedScene" uid="uid://ckhtkmwebm8h4" path="res://scenes/Collisions/tomba_3.tscn" id="55_17ynj"]
[ext_resource type="PackedScene" uid="uid://dvhiiowi6tim4" path="res://scenes/Collisions/tomba_4.tscn" id="56_dxgjj"]

[sub_resource type="Resource" id="Resource_cuj8v"]
script = ExtResource("3_vwnn2")
mode = 0
textures = [[ExtResource("4_7x5b5"), ExtResource("5_i863g"), ExtResource("6_psvny")], [null, null, null]]

[node name="Graveyard" type="Node3D" unique_id=1189775658]

[node name="Terrain" type="Node3D" parent="." unique_id=369932315]
transform = Transform3D(1, 0, 0, 0, 1, 0, 0, 0, 1, -27.197346, -2.0598412, -45.64779)

[node name="HTerrain" type="Node3D" parent="Terrain" unique_id=1235703823]
script = ExtResource("1_6uo2k")
centered = true
_terrain_data = ExtResource("2_whxyv")
chunk_size = 32
collision_enabled = true
collision_layer = 1
collision_mask = 1
shader_type = "Classic4Lite"
custom_shader = null
custom_globalmap_shader = null
texture_set = SubResource("Resource_cuj8v")
render_layers = 1
cast_shadow = 1
shader_params/u_ground_uv_scale = 20
shader_params/u_depth_blending = true
shader_params/u_triplanar = null
shader_params/u_tile_reduction = null
metadata/_custom_type_script = "uid://vojqxe207xwt"

[node name="misc" type="Node3D" parent="Terrain/HTerrain" unique_id=1069915633]

[node name="crypt10" parent="Terrain/HTerrain/misc" unique_id=463524438 instance=ExtResource("8_a7vut")]
transform = Transform3D(-0.024258126, 0.053277116, -0.99828506, 0.0012942409, 0.99857974, 0.053261396, 0.9997049, -1.9515495e-10, -0.024292624, 40.484577, -1.5460038, 37.330177)

[node name="crypt11" parent="Terrain/HTerrain/misc" unique_id=488224677 instance=ExtResource("8_a7vut")]
transform = Transform3D(1.54922, 0.08725863, 1.2618649, -0.3318188, 1.9533937, 0.27230334, -1.2205789, -0.42028403, 1.5275954, -46.92143, -5.780078, -47.6622)

[node name="crypt12" parent="Terrain/HTerrain/misc" unique_id=501504635 instance=ExtResource("8_a7vut")]
transform = Transform3D(0.65117174, 0, 0.7589305, 0, 1, 0, -0.7589305, 0, 0.65117174, -26.19765, 6.4203672, 13.943737)

[node name="crypt13" parent="Terrain/HTerrain/misc" unique_id=1008831316 instance=ExtResource("8_a7vut")]
transform = Transform3D(-0.078528695, 0, 0.9969119, -0.13796793, 0.99037707, -0.010868003, -0.9873187, -0.13839531, -0.07777302, -31.93539, 5.3775973, 58.384575)

[node name="crypt14" parent="Terrain/HTerrain/misc" unique_id=605838333 instance=ExtResource("8_a7vut")]
transform = Transform3D(0.19363728, 0, -0.22913882, 0.05011387, 0.29273725, 0.042349495, 0.2235916, -0.065611586, 0.18894951, 36.96767, -0.97870016, -29.764847)

[node name="crypt15" parent="Terrain/HTerrain/misc" unique_id=1026499857 instance=ExtResource("8_a7vut")]
transform = Transform3D(0.3034212, -0.12746392, -0.9442926, -0.28457966, 0.93366003, -0.21747015, 0.9093678, 0.33471152, 0.2470186, 10.405891, 1.7946305, -5.9425354)

[node name="crypt16" parent="Terrain/HTerrain/misc" unique_id=1817562442 instance=ExtResource("8_a7vut")]
transform = Transform3D(-0.27228025, 0, 0.962218, 0, 1, 0, -0.962218, 0, -0.27228025, -56.97758, 6.617697, 49.7198)

[node name="crypt17" parent="Terrain/HTerrain/misc" unique_id=1219568525 instance=ExtResource("8_a7vut")]
transform = Transform3D(-0.40842038, 1.1175871e-08, 1.443327, -0.6246859, 1.3522279, -0.17676829, -1.301138, -0.6492145, -0.36818495, -54.272472, 6.617697, 59.727882)

[node name="crypt18" parent="Terrain/HTerrain/misc" unique_id=280223386 instance=ExtResource("8_a7vut")]
transform = Transform3D(-0.061048593, 0, -0.9981348, 0, 1, 0, 0.9981348, 0, -0.061048593, 56.927555, -2.159162, -17.411522)

[node name="fence_pillar3" parent="Terrain/HTerrain/misc" unique_id=1832678516 instance=ExtResource("8_oqdcf")]
transform = Transform3D(-0.11219071, -0.84865105, -0.5169186, 0.9886774, -0.14750062, 0.027579114, -0.099650845, -0.5079715, 0.8555902, 23.470121, 0.8909544, 46.969467)

[node name="fence_pillar4" parent="Terrain/HTerrain/misc" unique_id=1112730796 instance=ExtResource("8_oqdcf")]
transform = Transform3D(0.9898557, -0.1420761, 0, 0.1420761, 0.9898557, 0, 0, 0, 1, 24.060715, 0.1342206, 44.183914)

[node name="plaque" parent="Terrain/HTerrain/misc" unique_id=1037758641 instance=ExtResource("25_xu5yr")]
transform = Transform3D(1, 0, 0, 0, 1, 0, 0, 0, 1, 16.182392, 1.2588634, 16.960062)

[node name="arch_gate3" parent="Terrain/HTerrain/misc" unique_id=19912371 instance=ExtResource("5_2dajg")]
transform = Transform3D(0.8240768, 0, 0.56647813, 0, 1, 0, -0.56647813, 0, 0.8240768, -28.844975, 4.096743, -8.293411)

[node name="candle_melted" parent="Terrain/HTerrain/misc" unique_id=83151117 instance=ExtResource("35_lbgwf")]
transform = Transform3D(1, 0, 0, 0, 1, 0, 0, 0, 1, -13.976486, 4.399408, -6.9467907)

[node name="floor_dirt_grave" parent="Terrain/HTerrain/misc" unique_id=1505259573 instance=ExtResource("36_8d2an")]
transform = Transform3D(1, 0, 0, 0, 1, 0, 0, 0, 1, -5.6997967, 5.074504, -4.573515)

[node name="grave_A12" parent="Terrain/HTerrain/misc" unique_id=800649759 instance=ExtResource("23_wmh2o")]
transform = Transform3D(1, 0, 0, 0, 1, 0, 0, 0, 1, -1.1418861, 2.1064544, 39.809772)

[node name="arch" parent="Terrain/HTerrain/misc" unique_id=1902237570 instance=ExtResource("46_3f8l7")]
transform = Transform3D(0.86708, 0.12673567, 0.48177835, -0.110783264, 0.9919365, -0.06155485, -0.48569474, 0, 0.8741285, 43.14878, -0.2834568, -1.7685394)

[node name="skull_candle5" parent="Terrain/HTerrain/misc" unique_id=879943294 instance=ExtResource("32_lgker")]
transform = Transform3D(2.4954996, -0.14676975, -0.03068167, 0.14992169, 2.4338577, 0.55123544, -0.0024919421, -0.552083, 2.4382777, -38.878353, -3.3446255, -36.428284)

[node name="skull_candle6" parent="Terrain/HTerrain/misc" unique_id=751045213 instance=ExtResource("32_lgker")]
transform = Transform3D(-0.2629639, 0, 0.96480566, 0, 1, 0, -0.96480566, 0, -0.2629639, -52.191647, -4.106637, -30.029587)

[node name="skull_candle7" parent="Terrain/HTerrain/misc" unique_id=821616363 instance=ExtResource("32_lgker")]
transform = Transform3D(0.44828963, 0, 0.89388835, -0.16714549, 0.9823624, 0.08382433, -0.87812227, -0.18698698, 0.44038287, -1.1947727, -4.025793, -51.11705)

[node name="skull_candle8" parent="Terrain/HTerrain/misc" unique_id=922160194 instance=ExtResource("32_lgker")]
transform = Transform3D(-0.25451759, 0, 0.96706814, 0, 1, 0, -0.96706814, 0, -0.25451759, -52.857983, -4.069175, -31.880142)

[node name="tree_pine_yellow_large36" parent="Terrain/HTerrain/misc" unique_id=1161222749 instance=ExtResource("38_vpao2")]
transform = Transform3D(0.99857974, 0.053277116, 0, -0.053277116, 0.99857974, 0, 0, 0, 1, 31.04402, -0.101933, 51.873913)

[node name="tree_pine_yellow_large37" parent="Terrain/HTerrain/misc" unique_id=1878834609 instance=ExtResource("38_vpao2")]
transform = Transform3D(-0.8659589, 0.06044801, 0.4964485, 0.06566368, 0.99781823, -0.0069571882, -0.49578604, 0.026574075, -0.8680386, 38.36203, -1.0448313, 47.060863)

[node name="tree_pine_yellow_large38" parent="Terrain/HTerrain/misc" unique_id=250704024 instance=ExtResource("38_vpao2")]
transform = Transform3D(0.99857974, 0.053277124, -4.656613e-10, -0.053277113, 0.99857974, 4.4703484e-08, -6.307518e-10, 1.4901161e-08, 1, 14.793247, -0.21240425, 54.70146)

[node name="tree_pine_yellow_large39" parent="Terrain/HTerrain/misc" unique_id=846305363 instance=ExtResource("38_vpao2")]
transform = Transform3D(0.99857974, 0.052779768, 0.007262777, -0.053277113, 0.98925775, 0.13612717, -6.307518e-10, -0.13632074, 0.9906648, 34.91901, -0.30867434, 50.86032)

[node name="tree_pine_yellow_large40" parent="Terrain/HTerrain/misc" unique_id=1565330587 instance=ExtResource("38_vpao2")]
transform = Transform3D(0.99857974, 0.053277116, 0, -0.053277116, 0.99857974, 0, 0, 0, 1, 10.207943, -0.67509794, 55.838646)

[node name="tree_pine_yellow_large41" parent="Terrain/HTerrain/misc" unique_id=1202382054 instance=ExtResource("38_vpao2")]
transform = Transform3D(0.8197941, 0.04373839, -0.570986, -0.053277124, 0.99857986, 0, 0.57017493, 0.030420482, 0.82096, 44.307144, -0.4310627, 48.788284)

[node name="tree_pine_yellow_large42" parent="Terrain/HTerrain/misc" unique_id=1647320295 instance=ExtResource("38_vpao2")]
transform = Transform3D(0.8197941, 0.04373839, -0.570986, -0.053277124, 0.99857986, 0, 0.57017493, 0.030420482, 0.82096, 54.76371, -0.4310608, 44.871662)

[node name="tree_pine_yellow_large43" parent="Terrain/HTerrain/misc" unique_id=2074868770 instance=ExtResource("38_vpao2")]
transform = Transform3D(1, 0, 0, 0, 0.98698515, 0.16081147, 0, -0.16081147, 0.98698515, -6.739044, 2.1794376, -18.048088)

[node name="tree_pine_yellow_large44" parent="Terrain/HTerrain/misc" unique_id=1361263534 instance=ExtResource("38_vpao2")]
transform = Transform3D(0.97543466, 0.22028886, 0, -0.22028886, 0.97543466, 0, 0, 0, 1, 7.7397823, 0.82979774, 33.81488)

[node name="tree_pine_yellow_large45" parent="Terrain/HTerrain/misc" unique_id=531479052 instance=ExtResource("38_vpao2")]
transform = Transform3D(-0.11134749, -0.9937815, 0, 0.9937815, -0.11134749, 0, 0, 0, 1, -13.169262, 4.5368986, -13.3261795)

[node name="tree_pine_yellow_large46" parent="Terrain/HTerrain/misc" unique_id=230856492 instance=ExtResource("38_vpao2")]
transform = Transform3D(1, 0, 0, 0, 1, 0, 0, 0, 1, -45.757626, 5.04302, 6.6432686)

[node name="tree_pine_yellow_large47" parent="Terrain/HTerrain/misc" unique_id=1130283532 instance=ExtResource("38_vpao2")]
transform = Transform3D(0.31882694, 0, -0.947813, 0, 1, 0, 0.947813, 0, 0.31882694, 27.330288, -9.0423355, -61.75866)

[node name="tree_pine_yellow_large48" parent="Terrain/HTerrain/misc" unique_id=964594233 instance=ExtResource("38_vpao2")]
transform = Transform3D(1, 0, 0, 0, 1, 0, 0, 0, 1, 50.356483, -8.551911, -55.3611)

[node name="tree_pine_yellow_large49" parent="Terrain/HTerrain/misc" unique_id=1154178650 instance=ExtResource("38_vpao2")]
transform = Transform3D(0.31882694, 0, -0.947813, 0, 1, 0, 0.947813, 0, 0.31882694, 27.330288, -9.0423355, -61.75866)

[node name="tree_pine_yellow_large50" parent="Terrain/HTerrain/misc" unique_id=1855767558 instance=ExtResource("38_vpao2")]
transform = Transform3D(-0.36588693, 0.07726413, 0.9274464, 0.06705612, 0.99614626, -0.05653309, -0.9282404, 0.04150623, -0.36965787, 25.596916, -8.105108, -57.164093)

[node name="tree_pine_yellow_large51" parent="Terrain/HTerrain/misc" unique_id=211218205 instance=ExtResource("38_vpao2")]
transform = Transform3D(-0.9957004, 0.07726412, -0.05109742, 0.07496208, 0.9961462, 0.045532376, 0.054418486, 0.041506253, -0.9976552, 2.3807182, -5.599186, -62.273254)

[node name="tree_pine_yellow_large52" parent="Terrain/HTerrain/misc" unique_id=1498601131 instance=ExtResource("38_vpao2")]
transform = Transform3D(-0.36588693, 0.07726413, 0.9274464, 0.06705612, 0.99614626, -0.05653309, -0.9282404, 0.04150623, -0.36965787, 25.596916, -8.105108, -57.164093)

[node name="tree_pine_yellow_large53" parent="Terrain/HTerrain/misc" unique_id=1719745532 instance=ExtResource("38_vpao2")]
transform = Transform3D(-0.9957004, 0.07726412, -0.05109742, 0.07496208, 0.9961462, 0.045532376, 0.054418486, 0.041506253, -0.9976552, 2.3807182, -5.599186, -62.273254)

[node name="tree_pine_yellow_large54" parent="Terrain/HTerrain/misc" unique_id=1654163452 instance=ExtResource("38_vpao2")]
transform = Transform3D(1, 0, 0, 0, 1, 0, 0, 0, 1, 50.356483, -8.551911, -55.3611)

[node name="tree_pine_yellow_large55" parent="Terrain/HTerrain/misc" unique_id=456602153 instance=ExtResource("38_vpao2")]
transform = Transform3D(0.3596874, 0, 0.9330728, 0, 1, 0, -0.9330728, 0, 0.3596874, 52.286476, -4.0444937, -30.748093)

[node name="tree_pine_yellow_large56" parent="Terrain/HTerrain/misc" unique_id=2139234396 instance=ExtResource("38_vpao2")]
transform = Transform3D(-0.7697005, 0, 0.6384051, 0, 1, 0, -0.6384051, 0, -0.7697005, 38.647438, -7.1104536, -50.372337)

[node name="tree_pine_yellow_large57" parent="Terrain/HTerrain/misc" unique_id=2095847426 instance=ExtResource("38_vpao2")]
transform = Transform3D(0.3596874, 0, 0.9330728, 0, 1, 0, -0.9330728, 0, 0.3596874, 52.286476, -4.0444937, -30.748093)

[node name="tree_pine_yellow_large58" parent="Terrain/HTerrain/misc" unique_id=642630750 instance=ExtResource("38_vpao2")]
transform = Transform3D(-0.31097007, -0.03297245, -0.94984746, 0.06705612, 0.99614626, -0.05653309, 0.9480512, -0.08127318, -0.30756062, 56.553852, -4.487688, -33.17794)

[node name="tree_pine_yellow_large59" parent="Terrain/HTerrain/misc" unique_id=1355050736 instance=ExtResource("38_vpao2")]
transform = Transform3D(-0.31097007, -0.03297245, -0.94984746, 0.06705612, 0.99614626, -0.05653309, 0.9480512, -0.08127318, -0.30756062, 56.553852, -4.487688, -33.17794)

[node name="tree_pine_yellow_large60" parent="Terrain/HTerrain/misc" unique_id=1151826755 instance=ExtResource("38_vpao2")]
transform = Transform3D(-0.7697005, 0, 0.6384051, 0, 1, 0, -0.6384051, 0, -0.7697005, 38.647438, -7.1104536, -50.372337)

[node name="tree_pine_yellow_large61" parent="Terrain/HTerrain/misc" unique_id=1202373573 instance=ExtResource("38_vpao2")]
transform = Transform3D(-0.825097, 0.06889478, -0.5607751, 0.17169204, 0.9761736, -0.13269004, 0.5382722, -0.20576279, -0.81726664, 59.845108, -9.557413, -52.031868)

[node name="tree_pine_yellow_large62" parent="Terrain/HTerrain/misc" unique_id=1601598230 instance=ExtResource("38_vpao2")]
transform = Transform3D(0.26844677, 0.06889478, -0.96082765, 0.1805055, 0.976174, 0.12042676, 0.9462321, -0.20576285, 0.24961485, 59.91325, -4.151884, -28.747734)

[node name="tree_pine_yellow_large63" parent="Terrain/HTerrain/misc" unique_id=2138198871 instance=ExtResource("38_vpao2")]
transform = Transform3D(-0.825097, 0.06889478, -0.5607751, 0.17169204, 0.9761736, -0.13269004, 0.5382722, -0.20576279, -0.81726664, 59.845108, -9.557413, -52.031868)

[node name="tree_pine_yellow_large64" parent="Terrain/HTerrain/misc" unique_id=1013553074 instance=ExtResource("38_vpao2")]
transform = Transform3D(0.26844677, 0.06889478, -0.96082765, 0.1805055, 0.976174, 0.12042676, 0.9462321, -0.20576285, 0.24961485, 59.91325, -4.151884, -28.747734)

[node name="tree_pine_yellow_large65" parent="Terrain/HTerrain/misc" unique_id=1693157075 instance=ExtResource("38_vpao2")]
transform = Transform3D(-0.31545025, 0, 0.948942, 0, 1, 0, -0.948942, 0, -0.31545025, -40.2775, -6.506531, -56.131393)

[node name="tree_pine_yellow_large66" parent="Terrain/HTerrain/misc" unique_id=1142974578 instance=ExtResource("38_vpao2")]
transform = Transform3D(-0.31545025, 0, 0.948942, 0, 1, 0, -0.948942, 0, -0.31545025, -40.2775, -6.506531, -56.131393)

[node name="tree_pine_yellow_large67" parent="Terrain/HTerrain/misc" unique_id=778191459 instance=ExtResource("38_vpao2")]
transform = Transform3D(0.36257967, -0.07711585, -0.9287566, 0.06705612, 0.99614626, -0.05653309, 0.9295372, -0.041781053, 0.36635342, -38.527782, -5.5693035, -60.719765)

[node name="tree_pine_yellow_large68" parent="Terrain/HTerrain/misc" unique_id=580951723 instance=ExtResource("38_vpao2")]
transform = Transform3D(0.9985673, 0.020562556, 0.049402807, -0.01840921, 0.99887705, -0.043654874, -0.050244953, 0.042682838, 0.9978243, -15.795345, -3.714859, -57.872307)

[node name="tree_pine_yellow_large69" parent="Terrain/HTerrain/misc" unique_id=1623689448 instance=ExtResource("38_vpao2")]
transform = Transform3D(0.36257967, -0.07711585, -0.9287566, 0.06705612, 0.99614626, -0.05653309, 0.9295372, -0.041781053, 0.36635342, -38.527782, -5.5693035, -60.719765)

[node name="tree_pine_yellow_large70" parent="Terrain/HTerrain/misc" unique_id=882811506 instance=ExtResource("38_vpao2")]
transform = Transform3D(0.9985673, 0.020562556, 0.049402807, -0.01840921, 0.99887705, -0.043654874, -0.050244953, 0.042682838, 0.9978243, -15.795345, -3.714859, -57.872307)

[node name="tree_dead_small15" parent="Terrain/HTerrain/misc" unique_id=1848947163 instance=ExtResource("23_a7vut")]
transform = Transform3D(1, 0, 0, 0, 1, 0, 0, 0, 1, -46.304867, 6.359079, -1.131218)

[node name="tree_dead_small16" parent="Terrain/HTerrain/misc" unique_id=615232291 instance=ExtResource("23_a7vut")]
transform = Transform3D(1, 0, 0, 0, 1, 0, 0, 0, 1, 38.35425, -5.868429, -54.41516)

[node name="tree_dead_small17" parent="Terrain/HTerrain/misc" unique_id=1970163762 instance=ExtResource("23_a7vut")]
transform = Transform3D(-0.9957004, 0.07726412, -0.05109742, 0.07496208, 0.9961462, 0.045532376, 0.054418486, 0.041506253, -0.9976552, 14.378979, -5.218586, -63.81855)

[node name="tree_dead_small18" parent="Terrain/HTerrain/misc" unique_id=1585383071 instance=ExtResource("23_a7vut")]
transform = Transform3D(-0.9957004, 0.07726412, -0.05109742, 0.07496208, 0.9961462, 0.045532376, 0.054418486, 0.041506253, -0.9976552, 14.378979, -5.218586, -63.81855)

[node name="tree_dead_small19" parent="Terrain/HTerrain/misc" unique_id=1596288996 instance=ExtResource("23_a7vut")]
transform = Transform3D(1, 0, 0, 0, 1, 0, 0, 0, 1, 38.35425, -5.868429, -54.41516)

[node name="tree_dead_small20" parent="Terrain/HTerrain/misc" unique_id=274485931 instance=ExtResource("23_a7vut")]
transform = Transform3D(-0.7697005, 0, 0.6384051, 0, 1, 0, -0.6384051, 0, -0.7697005, 48.489452, -3.692463, -43.43815)

[node name="tree_dead_small21" parent="Terrain/HTerrain/misc" unique_id=801662558 instance=ExtResource("23_a7vut")]
transform = Transform3D(0.8011322, -0.032972433, -0.59757847, 0.07496208, 0.9961462, 0.045532376, 0.5937743, -0.0812732, 0.8005166, 60.940063, -1.6011658, -20.894417)

[node name="tree_dead_small22" parent="Terrain/HTerrain/misc" unique_id=855852427 instance=ExtResource("23_a7vut")]
transform = Transform3D(0.8011322, -0.032972433, -0.59757847, 0.07496208, 0.9961462, 0.045532376, 0.5937743, -0.0812732, 0.8005166, 60.940063, -1.6011658, -20.894417)

[node name="tree_dead_small23" parent="Terrain/HTerrain/misc" unique_id=1644338053 instance=ExtResource("23_a7vut")]
transform = Transform3D(-0.7697005, 0, 0.6384051, 0, 1, 0, -0.6384051, 0, -0.7697005, 48.489452, -3.692463, -43.43815)

[node name="tree_dead_small24" parent="Terrain/HTerrain/misc" unique_id=1364918216 instance=ExtResource("23_a7vut")]
transform = Transform3D(0.26844677, 0.06889478, -0.96082765, 0.1805055, 0.976174, 0.12042676, 0.9462321, -0.20576285, 0.24961485, 55.86798, -4.9919996, -40.124084)

[node name="tree_dead_small25" parent="Terrain/HTerrain/misc" unique_id=599755821 instance=ExtResource("23_a7vut")]
transform = Transform3D(0.26844677, 0.06889478, -0.96082765, 0.1805055, 0.976174, 0.12042676, 0.9462321, -0.20576285, 0.24961485, 55.86798, -4.9919996, -40.124084)

[node name="tree_dead_small26" parent="Terrain/HTerrain/misc" unique_id=428593715 instance=ExtResource("23_a7vut")]
transform = Transform3D(0.9985673, 0.020562556, 0.049402807, -0.01840921, 0.99887705, -0.043654874, -0.050244953, 0.042682838, 0.9978243, -27.70811, -2.2945662, -56.272438)

[node name="tree_dead_small27" parent="Terrain/HTerrain/misc" unique_id=1312472700 instance=ExtResource("23_a7vut")]
transform = Transform3D(0.9985673, 0.020562556, 0.049402807, -0.01840921, 0.99887705, -0.043654874, -0.050244953, 0.042682838, 0.9978243, -27.70811, -2.2945662, -56.272438)

[node name="post_lantern6" parent="Terrain/HTerrain/misc" unique_id=490590645 instance=ExtResource("24_lgker")]
transform = Transform3D(1, 0, 0, 0, 1, 0, 0, 0, 1, -23.497005, 5.4107466, 53.762535)

[node name="post_lantern7" parent="Terrain/HTerrain/misc" unique_id=615435694 instance=ExtResource("24_lgker")]
transform = Transform3D(1, 0, 0, 0, 1, 0, 0, 0, 1, -45.85145, 6.4795513, 40.859207)

[node name="post_lantern8" parent="Terrain/HTerrain/misc" unique_id=369294116 instance=ExtResource("24_lgker")]
transform = Transform3D(-0.69982296, 0, 1.0357354, 0, 1.25, 0, -1.0357354, 0, -0.69982296, -33.611103, 3.9874978, -11.19281)

[node name="post_lantern9" parent="Terrain/HTerrain/misc" unique_id=680767873 instance=ExtResource("24_lgker")]
transform = Transform3D(0.5496692, 0, -1.1226592, 0, 1.25, 0, 1.1226592, 0, 0.5496692, -28.265804, 3.772335, -14.44426)

[node name="post_lantern10" parent="Terrain/HTerrain/misc" unique_id=163430565 instance=ExtResource("24_lgker")]
transform = Transform3D(-1.0119116, -0.3038416, 0.6679933, -0.25357392, 1.2125099, 0.16739175, -0.6886473, 0, -1.0431994, -38.093014, -0.92992926, -27.101837)

[node name="tree_dead_small28" parent="Terrain/HTerrain/misc" unique_id=373677945 instance=ExtResource("23_a7vut")]
transform = Transform3D(1, 0, 0, 0, 1, 0, 0, 0, 1, -59.176037, -5.9088907, -41.873207)

[node name="post_skull5" parent="Terrain/HTerrain/misc" unique_id=1638859506 instance=ExtResource("25_5uk6q")]
transform = Transform3D(1, 0, 0, 0, 1, 0, 0, 0, 1, 7.6987114, 2.7044644, 12.251701)

[node name="post_skull6" parent="Terrain/HTerrain/misc" unique_id=970903345 instance=ExtResource("25_5uk6q")]
transform = Transform3D(1, 0, 0, 0, 1, 0, 0, 0, 1, -18.27288, 6.4675794, 20.211796)

[node name="post_skull7" parent="Terrain/HTerrain/misc" unique_id=1287076830 instance=ExtResource("25_5uk6q")]
transform = Transform3D(0.6411776, 0, -1.073029, 0, 1.25, 0, 1.073029, 0, 0.6411776, -30.86127, 2.3385003, -20.393791)

[node name="post_skull8" parent="Terrain/HTerrain/misc" unique_id=196272698 instance=ExtResource("25_5uk6q")]
transform = Transform3D(0.5524894, 0.23842625, -1.0956315, 0.17991355, 1.1867377, 0.34897658, 1.106746, -0.3119399, 0.49021116, -32.903126, 0.39308214, -25.89907)

[node name="post3" parent="Terrain/HTerrain/misc" unique_id=871882191 instance=ExtResource("26_l6fg0")]
transform = Transform3D(1, 0, 0, 0, 1, 0, 0, 0, 1, -17.921162, 3.7222385, 41.659996)

[node name="post4" parent="Terrain/HTerrain/misc" unique_id=1168845259 instance=ExtResource("26_l6fg0")]
transform = Transform3D(0.117773026, -0.13333663, -0.98404837, -0.9731343, 0.1819223, -0.14111698, 0.19783635, 0.9742309, -0.10832892, -34.73433, 3.1091444, -17.40149)

[node name="tree_dead_medium3" parent="Terrain/HTerrain/misc" unique_id=1803091308 instance=ExtResource("27_pgi4y")]
transform = Transform3D(1, 0, 0, 0, 1, 0, 0, 0, 1, -43.979763, 5.978049, 4.480255)

[node name="tree_dead_medium4" parent="Terrain/HTerrain/misc" unique_id=1873333207 instance=ExtResource("27_pgi4y")]
transform = Transform3D(1, 0, 0, 0, 1, 0, 0, 0, 1, -57.87248, -7.211356, -38.119537)

[node name="skull6" parent="Terrain/HTerrain/misc" unique_id=1476662122 instance=ExtResource("34_5uk6q")]
transform = Transform3D(1, 0, 0, 0, 1, 0, 0, 0, 1, 15.975939, 2.1819768, 16.467077)

[node name="skull2" parent="Terrain/HTerrain/misc" unique_id=1374929502 instance=ExtResource("28_7dbwh")]
transform = Transform3D(0.80847293, 0, 0.58853334, 0, 1, 0, -0.58853334, 0, 0.80847293, -26.037533, 6.9523945, -4.532257)

[node name="skull7" parent="Terrain/HTerrain/misc" unique_id=579659062 instance=ExtResource("34_5uk6q")]
transform = Transform3D(0.9871771, 0.14332533, 0.0702805, -0.055335112, -0.10572304, 0.9928549, 0.14973152, -0.9840125, -0.0964364, 23.631645, 1.4985771, -10.7845)

[node name="skull8" parent="Terrain/HTerrain/misc" unique_id=395265159 instance=ExtResource("34_5uk6q")]
transform = Transform3D(0.06373108, -0.9858975, -0.15473999, 0, -0.1550552, 0.9879058, -0.9979671, -0.062960304, -0.009881835, 21.962088, 1.8316922, -8.236183)

[node name="ribcage6" parent="Terrain/HTerrain/misc" unique_id=845625228 instance=ExtResource("30_17ynj")]
transform = Transform3D(1, 0, 0, 0, 1, 0, 0, 0, 1, 16.068647, 1.9376192, 16.871452)

[node name="ribcage7" parent="Terrain/HTerrain/misc" unique_id=962118160 instance=ExtResource("30_17ynj")]
transform = Transform3D(1.6705023, 0, 1.0997372, 0, 2, 0, -1.0997372, 0, 1.6705023, -19.448605, 3.8824687, -11.177841)

[node name="ribcage11" parent="Terrain/HTerrain/misc" unique_id=214355776 instance=ExtResource("30_17ynj")]
transform = Transform3D(1.6705023, 0, 1.0997372, 0, 2, 0, -1.0997372, 0, 1.6705023, -17.435272, 3.635278, -13.496803)

[node name="ribcage8" parent="Terrain/HTerrain/misc" unique_id=1766962788 instance=ExtResource("30_17ynj")]
transform = Transform3D(0.8154613, 0, 0.5788116, 0, 1, 0, -0.5788116, 0, 0.8154613, -25.92014, 6.756161, -4.513775)

[node name="ribcage9" parent="Terrain/HTerrain/misc" unique_id=51225093 instance=ExtResource("30_17ynj")]
transform = Transform3D(1, 0, 0, 0, 0.49551928, 0.8685969, 0, -0.8685969, 0.49551928, 24.41821, 2.061686, -6.8507385)

[node name="ribcage10" parent="Terrain/HTerrain/misc" unique_id=1610238053 instance=ExtResource("30_17ynj")]
transform = Transform3D(1, 0, 0, 0, 1, 0, 0, 0, 1, 22.123367, 1.7989104, -11.405838)

[node name="bone_A7" parent="Terrain/HTerrain/misc" unique_id=1553413464 instance=ExtResource("25_oqdcf")]
transform = Transform3D(0.65080076, 0, 0.7592486, 0, 1, 0, -0.7592486, 0, 0.65080076, -26.446514, 6.6477413, -4.028206)

[node name="bone_A8" parent="Terrain/HTerrain/misc" unique_id=687069488 instance=ExtResource("25_oqdcf")]
transform = Transform3D(0.8750171, 0, 0.48409203, 0, 1, 0, -0.48409203, 0, 0.8750171, -25.296497, 6.729323, -4.814171)

[node name="bone_A9" parent="Terrain/HTerrain/misc" unique_id=1832523246 instance=ExtResource("25_oqdcf")]
transform = Transform3D(0.6312508, -0.6411092, 0.43646443, -0.29997852, 0.3171375, 0.8996868, -0.71521693, -0.6988581, 0.00787431, -26.91063, 6.7488513, -3.5185852)

[node name="bone_A10" parent="Terrain/HTerrain/misc" unique_id=698071849 instance=ExtResource("25_oqdcf")]
transform = Transform3D(0.5534352, 0.39616928, 0.73263866, 0.83289224, -0.26324418, -0.48681933, 0, 0.879632, -0.4756549, -24.784191, 6.960679, -4.9555016)

[node name="bone_A11" parent="Terrain/HTerrain/misc" unique_id=1039441314 instance=ExtResource("25_oqdcf")]
transform = Transform3D(0.9051612, 0.4250685, 0, -0.4250685, 0.9051612, 0, 0, 0, 1, 22.578222, 2.007334, -6.863014)

[node name="bone_B3" parent="Terrain/HTerrain/misc" unique_id=772325730 instance=ExtResource("26_vpao2")]
transform = Transform3D(0.63882154, -0.76935494, 0, 0.76935494, 0.63882154, 0, 0, 0, 1, 23.690348, 1.9064252, -8.205894)

[node name="bone_B4" parent="Terrain/HTerrain/misc" unique_id=475814713 instance=ExtResource("26_vpao2")]
transform = Transform3D(-0.44322756, 0.89640915, 0, -0.89640915, -0.44322756, 0, 0, 0, 1, 28.220484, 1.3196259, -10.695618)

[node name="bone_A12" parent="Terrain/HTerrain/misc" unique_id=1013693742 instance=ExtResource("25_oqdcf")]
transform = Transform3D(-0.10862397, 0.9940829, 0, -0.9940829, -0.10862397, 0, 0, 0, 1, 24.811527, 0.54449797, -17.417175)

[node name="skull9" parent="Terrain/HTerrain/misc" unique_id=1928608674 instance=ExtResource("34_5uk6q")]
transform = Transform3D(0.26799518, -0.9634203, 0, 0.96177495, 0.2675375, 0.058417797, -0.05628089, -0.015655687, 0.9982922, 23.710335, 0.95748425, -15.291344)

[node name="bone_C" parent="Terrain/HTerrain/misc" unique_id=464218267 instance=ExtResource("48_02nll")]
transform = Transform3D(0.5806177, -0.8141763, 0, 0.8141763, 0.5806177, 0, 0, 0, 1, 26.44731, 0.8742132, -14.779402)

[node name="coffin5" parent="Terrain/HTerrain/misc" unique_id=1579201927 instance=ExtResource("33_dxgjj")]
transform = Transform3D(0.8906576, 0, 0.45467463, 0.08533783, 0.98222834, -0.16716744, -0.4465943, 0.1876899, 0.8748291, -23.692543, 5.234736, 27.273117)

[node name="coffin6" parent="Terrain/HTerrain/misc" unique_id=1210091148 instance=ExtResource("33_dxgjj")]
transform = Transform3D(1, 0, 0, 0, 1, 0, 0, 0, 1, 1.2913189, 3.7349882, -6.161888)

[node name="coffin7" parent="Terrain/HTerrain/misc" unique_id=541740822 instance=ExtResource("33_dxgjj")]
transform = Transform3D(0.3950525, 0.8741394, 0.28251332, -0.0348322, 0.32156, -0.9462485, -0.9179981, 0.36397722, 0.15748127, -2.2876797, -3.281742, -45.547318)

[node name="coffin8" parent="Terrain/HTerrain/misc" unique_id=176624510 instance=ExtResource("33_dxgjj")]
transform = Transform3D(1, 0, 0, 0, 0.77183545, -0.6358223, 0, 0.6358223, 0.77183545, 21.24321, 3.2200224, 2.4663239)

[node name="fence_seperate_broken3" parent="Terrain/HTerrain/misc" unique_id=1229959654 instance=ExtResource("41_a7vut")]
transform = Transform3D(0.041577928, -0.8649939, -0.500057, 0.07167379, 0.5017826, -0.8620194, 0.9965613, 3.5929912e-09, 0.08286044, 24.350576, 0.13213158, 46.559475)

[node name="fence_seperate_broken4" parent="Terrain/HTerrain/misc" unique_id=602188963 instance=ExtResource("41_a7vut")]
transform = Transform3D(0.910835, 0, 0.4127706, 0, 1, 0, -0.4127706, 0, 0.910835, 20.0762, 0.86503506, 28.79578)

[node name="shrine5" parent="Terrain/HTerrain/misc" unique_id=1279285287 instance=ExtResource("39_l6fg0")]
transform = Transform3D(0.99857974, 0.053277116, 0, -0.053277116, 0.99857974, 0, 0, 0, 1, 25.755728, 0.16179085, 40.041508)

[node name="shrine6" parent="Terrain/HTerrain/misc" unique_id=1846697929 instance=ExtResource("39_l6fg0")]
transform = Transform3D(1, 0, 0, 0, 1, 0, 0, 0, 1, -26.009434, 4.34844, -4.6114883)

[node name="shrine7" parent="Terrain/HTerrain/misc" unique_id=1500983244 instance=ExtResource("39_l6fg0")]
transform = Transform3D(0.39785257, 0.092283905, 0.91279626, 0, 0.9949282, -0.10058746, -0.9174493, 0.04001898, 0.3958347, -34.337563, 5.4318805, 50.267136)

[node name="shrine8" parent="Terrain/HTerrain/misc" unique_id=77317648 instance=ExtResource("39_l6fg0")]
transform = Transform3D(1, 0, 0, 0, 1, 0, 0, 0, 1, -30.581669, 5.4129796, 44.90106)

[node name="gravestone9" parent="Terrain/HTerrain/misc" unique_id=173594523 instance=ExtResource("36_l1v2s")]
transform = Transform3D(0.9674005, -0.25325143, 0, 0.25325143, 0.9674005, 0, 0, 0, 1, -46.47005, 6.8907747, 25.960606)

[node name="gravestone10" parent="Terrain/HTerrain/misc" unique_id=1273710024 instance=ExtResource("36_l1v2s")]
transform = Transform3D(1, 0, 0, 0, 1, 0, 0, 0, 1, -6.7279167, 2.4697728, 43.692055)

[node name="gravestone11" parent="Terrain/HTerrain/misc" unique_id=1425880945 instance=ExtResource("36_l1v2s")]
transform = Transform3D(0.99320114, 0.11641072, 0, -0.11641072, 0.99320114, 0, 0, 0, 1, 0.16949081, 1.5863252, 45.27575)

[node name="gravestone12" parent="Terrain/HTerrain/misc" unique_id=1740639327 instance=ExtResource("36_l1v2s")]
transform = Transform3D(1, 0, 0, 0, 1, 0, 0, 0, 1, -3.8429298, 1.5462351, 50.04795)

[node name="gravestone13" parent="Terrain/HTerrain/misc" unique_id=295804421 instance=ExtResource("36_l1v2s")]
transform = Transform3D(1, 0, 0, 0, 1, 0, 0, 0, 1, -9.391823, 2.535342, 51.59954)

[node name="gravestone14" parent="Terrain/HTerrain/misc" unique_id=1013561402 instance=ExtResource("36_l1v2s")]
transform = Transform3D(1, 0, 0, 0, 1, 0, 0, 0, 1, 3.2587624, 0.8685219, 49.80443)

[node name="gravestone15" parent="Terrain/HTerrain/misc" unique_id=877416138 instance=ExtResource("36_l1v2s")]
transform = Transform3D(0.9887929, 0.14929375, 0, -0.14929375, 0.9887929, 0, 0, 0, 1, 5.9216957, 1.2466874, 40.282127)

[node name="gravestone16" parent="Terrain/HTerrain/misc" unique_id=1136058436 instance=ExtResource("36_l1v2s")]
transform = Transform3D(1, 0, 0, 0, 1, 0, 0, 0, 1, 12.965236, -1.6722155, -33.760895)

[node name="grave_A17" parent="Terrain/HTerrain/misc" unique_id=1668676563 instance=ExtResource("40_pgi4y")]
transform = Transform3D(1, 0, 0, 0, 0.9998761, 0.01574222, 0, -0.01574222, 0.9998761, 26.478859, 2.224412, 6.7108345)

[node name="grave_A18" parent="Terrain/HTerrain/misc" unique_id=1023945826 instance=ExtResource("40_pgi4y")]
transform = Transform3D(1, 0, 0, 0, 1, 0, 0, 0, 1, 8.280727, 3.338704, 5.444809)

[node name="grave_A19" parent="Terrain/HTerrain/misc" unique_id=9392256 instance=ExtResource("40_pgi4y")]
transform = Transform3D(0.9907928, 0.13538702, 0, -0.13538702, 0.9907928, 0, 0, 0, 1, 13.711001, 1.5167389, 16.79583)

[node name="grave_A20" parent="Terrain/HTerrain/misc" unique_id=552449026 instance=ExtResource("40_pgi4y")]
transform = Transform3D(1, 0, 0, 0, 1, 0, 0, 0, 1, 13.620609, 2.4075012, 13.116341)

[node name="grave_A21" parent="Terrain/HTerrain/misc" unique_id=1490115546 instance=ExtResource("40_pgi4y")]
transform = Transform3D(0.98134303, 0.19226506, 0, -0.19226506, 0.98134303, 0, 0, 0, 1, 30.604843, 0.9676938, 13.528545)

[node name="grave_A22" parent="Terrain/HTerrain/misc" unique_id=320173626 instance=ExtResource("40_pgi4y")]
transform = Transform3D(1, 0, 0, 0, 0.99304384, -0.117745385, 0, 0.117745385, 0.99304384, 15.713215, 0.9914589, 22.676538)

[node name="grave_A23" parent="Terrain/HTerrain/misc" unique_id=1080820369 instance=ExtResource("40_pgi4y")]
transform = Transform3D(1, 0, 0, 0, 0.9956681, -0.09297883, 0, 0.09297883, 0.9956681, 22.841055, 0.81535816, 22.378126)

[node name="grave_A24" parent="Terrain/HTerrain/misc" unique_id=1477861737 instance=ExtResource("40_pgi4y")]
transform = Transform3D(1, 0, 0, 0, -0.1559345, -0.9877674, 0, 0.9877674, -0.1559345, 18.752419, 1.1558666, 21.863834)

[node name="grave_A25" parent="Terrain/HTerrain/misc" unique_id=1137580826 instance=ExtResource("40_pgi4y")]
transform = Transform3D(1, 0, 0, 0, 1, 0, 0, 0, 1, -42.189053, 6.402555, 21.801449)

[node name="grave_A26" parent="Terrain/HTerrain/misc" unique_id=513550439 instance=ExtResource("40_pgi4y")]
