[gd_scene format=3 uid="uid://dvtfflyj2wnh7"]

[ext_resource type="Script" uid="uid://vojqxe207xwt" path="res://addons/zylann.hterrain/hterrain.gd" id="1_6uo2k"]
[ext_resource type="Resource" uid="uid://cokl4qvnper31" path="res://data_terrain/graveyard terrain/data.hterrain" id="2_whxyv"]
[ext_resource type="Script" uid="uid://bt278ef3qrx7h" path="res://addons/zylann.hterrain/hterrain_texture_set.gd" id="3_vwnn2"]
[ext_resource type="Texture2D" uid="uid://dnk4w1o5likrw" path="res://assets/textures/Grass005_1K-PNG_Displacement.png" id="4_7x5b5"]
[ext_resource type="PackedScene" uid="uid://b6gnfnxf0ghj" path="res://scenes/arch_gate.tscn" id="5_2dajg"]
[ext_resource type="Texture2D" uid="uid://67r1njq1jq0c" path="res://assets/textures/360_F_603980502_qIAJ5hytZnM0U4JMmwiY1C71Qj3BEHVV.jpg" id="5_i863g"]
[ext_resource type="PackedScene" uid="uid://cdo86jexfsk6q" path="res://assets/Mesh Graveyard/fbx/tree_pine_yellow_large.fbx" id="6_dn084"]
[ext_resource type="PackedScene" uid="uid://b7xlkcf006u1g" path="res://assets/Mesh Graveyard/fbx/tree_pine_orange_medium.fbx" id="7_jwwb4"]
[ext_resource type="PackedScene" uid="uid://biodym60jxpwh" path="res://assets/Mesh Graveyard/fbx/tree_pine_yellow_small.fbx" id="8_3084y"]
[ext_resource type="PackedScene" uid="uid://lbnw7nxspft8" path="res://assets/Mesh Graveyard/fbx/tree_pine_yellow_medium.fbx" id="9_i47lc"]
[ext_resource type="PackedScene" uid="uid://co7m328assp1u" path="res://assets/Mesh Graveyard/fbx/fence.fbx" id="10_wx0pr"]
[ext_resource type="PackedScene" uid="uid://8j8104eiqp4l" path="res://assets/Mesh Graveyard/fbx/fence_broken.fbx" id="11_54a33"]
[ext_resource type="PackedScene" uid="uid://ctj1r7wy4yuvj" path="res://assets/Mesh Graveyard/fbx/fence_pillar.fbx" id="12_dnuul"]
[ext_resource type="PackedScene" uid="uid://7i6j35sj5r80" path="res://assets/Mesh Graveyard/fbx/fence_seperate_broken.fbx" id="13_so36i"]
[ext_resource type="PackedScene" uid="uid://bb2b4bacfh66b" path="res://assets/Mesh Graveyard/fbx/tree_pine_orange_large.fbx" id="14_dn084"]
[ext_resource type="PackedScene" uid="uid://b535v4obf7exm" path="res://assets/Mesh Graveyard/fbx/bench_decorated.fbx" id="15_jwwb4"]
[ext_resource type="PackedScene" uid="uid://bhbshk8lw1yj2" path="res://assets/Mesh Graveyard/fbx/shrine.fbx" id="16_3084y"]
[ext_resource type="PackedScene" uid="uid://bv7ktt3tps38o" path="res://assets/Mesh Graveyard/fbx/crypt.fbx" id="17_i47lc"]
[ext_resource type="PackedScene" uid="uid://j5tvvkj7dxwi" path="res://assets/Mesh Graveyard/fbx/shrine_candles.fbx" id="18_wx0pr"]
[ext_resource type="PackedScene" uid="uid://wy0r5mnva52i" path="res://assets/Mesh Graveyard/fbx/skull_candle.fbx" id="19_jwwb4"]
[ext_resource type="PackedScene" uid="uid://dt6k7hbregl8t" path="res://assets/Mesh Graveyard/fbx/tree_dead_large.fbx" id="20_uqnd1"]
[ext_resource type="PackedScene" uid="uid://cpo7hpc1jkyh1" path="res://assets/Mesh Graveyard/fbx/tree_dead_large_decorated.fbx" id="21_i863g"]
[ext_resource type="PackedScene" uid="uid://hsv2s78komcg" path="res://assets/Mesh Graveyard/fbx/tree_pine_orange_small.fbx" id="22_ul1f6"]
[ext_resource type="PackedScene" uid="uid://byy8otmxn3pkt" path="res://assets/Mesh Graveyard/fbx/grave_A.fbx" id="23_wmh2o"]
[ext_resource type="PackedScene" uid="uid://o8drd2dls7pa" path="res://assets/Mesh Graveyard/fbx/grave_A_destroyed.fbx" id="24_d7tg2"]
[ext_resource type="PackedScene" uid="uid://dki7g1fmr53rk" path="res://assets/Mesh Graveyard/fbx/plaque.fbx" id="25_xu5yr"]
[ext_resource type="PackedScene" uid="uid://d0pb4lt4p4116" path="res://assets/Mesh Graveyard/fbx/post_skull.fbx" id="26_4e3pu"]
[ext_resource type="PackedScene" uid="uid://c0c1gc8v2y6eb" path="res://assets/Mesh Graveyard/fbx/ribcage.fbx" id="27_b6687"]
[ext_resource type="PackedScene" uid="uid://coctxygy26lp8" path="res://assets/Mesh Graveyard/fbx/skull.fbx" id="28_7dbwh"]
[ext_resource type="PackedScene" uid="uid://diexnd5rtmssw" path="res://assets/Mesh Graveyard/fbx/coffin_decorated.fbx" id="30_ul1f6"]

[sub_resource type="Resource" id="Resource_cuj8v"]
script = ExtResource("3_vwnn2")
mode = 0
textures = [[ExtResource("4_7x5b5"), ExtResource("5_i863g")], [null, null]]

[node name="Node" type="Node" unique_id=1810824615]

[node name="Node3D" type="Node3D" parent="." unique_id=369932315]
transform = Transform3D(1, 0, 0, 0, 1, 0, 0, 0, 1, 0, -5.5721283, -26.566683)

[node name="HTerrain" type="Node3D" parent="Node3D" unique_id=1235703823]
script = ExtResource("1_6uo2k")
centered = true
_terrain_data = ExtResource("2_whxyv")
chunk_size = 32
collision_enabled = true
collision_layer = 1
collision_mask = 1
shader_type = "Classic4Lite"
custom_shader = null
custom_globalmap_shader = null
texture_set = SubResource("Resource_cuj8v")
render_layers = 1
cast_shadow = 1
shader_params/u_ground_uv_scale = 20
shader_params/u_depth_blending = true
shader_params/u_triplanar = null
shader_params/u_tile_reduction = null
metadata/_custom_type_script = "uid://vojqxe207xwt"

[node name="misc" type="Node3D" parent="Node3D/HTerrain" unique_id=1069915633]

[node name="arch_gate" parent="Node3D/HTerrain/misc" unique_id=1156300368 instance=ExtResource("5_2dajg")]
transform = Transform3D(0.99857974, 0.053277116, 0, -0.053277116, 0.99857974, 0, 0, 0, 1, 26.02708, 0.8163495, 51.790405)

[node name="tree_pine_yellow_large" parent="Node3D/HTerrain/misc" unique_id=335904635 instance=ExtResource("6_dn084")]
transform = Transform3D(0.99857974, 0.053277116, 0, -0.053277116, 0.99857974, 0, 0, 0, 1, 31.04402, -0.101933, 51.873913)

[node name="tree_pine_yellow_large2" parent="Node3D/HTerrain/misc" unique_id=1641231676 instance=ExtResource("6_dn084")]
transform = Transform3D(0.99857974, 0.052779768, 0.007262777, -0.053277113, 0.98925775, 0.13612717, -6.307518e-10, -0.13632074, 0.9906648, 34.91901, -0.30867434, 50.86032)

[node name="tree_pine_yellow_large2" parent="Node3D/HTerrain/misc/tree_pine_yellow_large2" unique_id=1423878276 instance=ExtResource("6_dn084")]
transform = Transform3D(-0.8682275, 0.0072012804, 0.4961141, 0.08683914, 0.9866673, 0.13765168, -0.48850837, 0.16259515, -0.8572767, 3.4773521, -0.028582096, -3.8391933)

[node name="tree_pine_orange_medium" parent="Node3D/HTerrain/misc/tree_pine_yellow_large2" unique_id=1715483347 instance=ExtResource("7_jwwb4")]
transform = Transform3D(1.0000001, -4.0162575e-09, -1.8252067e-11, 3.811275e-09, 0.9999347, -0.0114491135, -1.5920232e-10, 0.011449128, 0.9999347, -0.4421997, 0.54569626, -3.9284477)

[node name="tree_pine_yellow_small" parent="Node3D/HTerrain/misc/tree_pine_yellow_large2" unique_id=1231699204 instance=ExtResource("8_3084y")]
transform = Transform3D(-0.40831453, 0, 0.9128414, 0.12443923, 0.9906649, 0.05566172, -0.9043199, 0.13632075, -0.4045028, -12.55233, 0.5616979, 1.4781755)

[node name="tree_pine_yellow_medium" parent="Node3D/HTerrain/misc/tree_pine_yellow_large2" unique_id=587314601 instance=ExtResource("9_i47lc")]
transform = Transform3D(1, 0, 0, 0, 0.9841678, -0.17723933, 0, 0.17723933, 0.9841678, -15.177727, -0.6632147, 1.33968)

[node name="tree_pine_yellow_small2" parent="Node3D/HTerrain/misc/tree_pine_yellow_large2" unique_id=1323450927 instance=ExtResource("8_3084y")]
transform = Transform3D(1, 0, 0, 0, 0.9906648, -0.13632075, 0, 0.13632075, 0.9906648, -18.015625, -0.9373982, 1.9289262)

[node name="tree_pine_yellow_large3" parent="Node3D/HTerrain/misc/tree_pine_yellow_large2" unique_id=1411066816 instance=ExtResource("6_dn084")]
transform = Transform3D(1, 0, 0, 0, 0.9906648, -0.13632075, 0, 0.13632075, 0.9906648, -20.10231, -1.4906242, 3.6722174)

[node name="fence" parent="Node3D/HTerrain/misc" unique_id=515575620 instance=ExtResource("10_wx0pr")]
transform = Transform3D(-0.040301163, 0.053277127, 0.9977663, 0.0021501833, 0.99857974, -0.053233713, -0.9991854, -2.7399893e-10, -0.04035848, 28.330616, 0.0031814575, 50.121696)

[node name="fence2" parent="Node3D/HTerrain/misc" unique_id=176451537 instance=ExtResource("10_wx0pr")]
transform = Transform3D(-0.016138067, 0.053277116, 0.9984493, 0.00086101255, 0.99857974, -0.053270157, -0.9998694, 0, -0.01616102, 23.833303, 0.31634092, 51.090416)

[node name="fence_broken" parent="Node3D/HTerrain/misc" unique_id=889285184 instance=ExtResource("11_54a33")]
transform = Transform3D(0.31339666, 0.28675863, 0.9052911, -0.09380892, 0.9580029, -0.27098048, -0.9449776, -2.1414873e-08, 0.32713544, 28.713545, 0.11253595, 46.129715)

[node name="fence_pillar" parent="Node3D/HTerrain/misc" unique_id=1832678516 instance=ExtResource("12_dnuul")]
transform = Transform3D(0.9898557, -0.1420761, 0, 0.1420761, 0.9898557, 0, 0, 0, 1, 24.060715, 0.1342206, 44.183914)

[node name="fence_pillar2" parent="Node3D/HTerrain/misc/fence_pillar" unique_id=691750605 instance=ExtResource("12_dnuul")]
transform = Transform3D(0.029414833, -0.86099845, -0.50775653, 0.99458766, -0.02543129, 0.100741126, -0.099650845, -0.5079715, 0.8555902, -0.47708893, 0.83296657, 2.7855535)

[node name="fence_seperate_broken" parent="Node3D/HTerrain/misc" unique_id=1229959654 instance=ExtResource("13_so36i")]
transform = Transform3D(0.041577928, -0.8649939, -0.500057, 0.07167379, 0.5017826, -0.8620194, 0.9965613, 3.5929912e-09, 0.08286044, 24.350576, 0.13213158, 46.559475)

[node name="tree_pine_orange_large" parent="Node3D/HTerrain/misc" unique_id=1535710466 instance=ExtResource("14_dn084")]
transform = Transform3D(0.99857974, 0.053277116, 0, -0.053277116, 0.99857974, 0, 0, 0, 1, 11.953863, -0.1897831, 52.555042)

[node name="tree_pine_yellow_large3" parent="Node3D/HTerrain/misc" unique_id=2124941646 instance=ExtResource("6_dn084")]
transform = Transform3D(0.99857974, 0.053277116, 0, -0.053277116, 0.99857974, 0, 0, 0, 1, 10.207943, -0.67509794, 55.838646)

[node name="tree_pine_yellow_small" parent="Node3D/HTerrain/misc" unique_id=457943017 instance=ExtResource("8_3084y")]
transform = Transform3D(0.99857974, 0.053277116, 0, -0.053277116, 0.99857974, 0, 0, 0, 1, 41.539528, -1.4421787, 46.67228)

[node name="fence3" parent="Node3D/HTerrain/misc" unique_id=334484193 instance=ExtResource("10_wx0pr")]
transform = Transform3D(0.929136, 0.15970887, 0.33346573, -0.15032077, 0.9871641, -0.053949926, -0.33780167, 8.140903e-09, 0.94121724, 44.197083, -0.41534615, 45.90885)

[node name="fence3" parent="Node3D/HTerrain/misc/fence3" unique_id=1370830074 instance=ExtResource("10_wx0pr")]
transform = Transform3D(0.93582505, 0.1068888, 0.3358664, -0.10060559, 0.994271, -0.036107168, -0.33780172, -1.8626451e-08, 0.9412173, 4.429283, -0.29262114, -0.5976329)

[node name="bench_decorated" parent="Node3D/HTerrain/misc" unique_id=1070530688 instance=ExtResource("15_jwwb4")]
transform = Transform3D(0.48897618, 0.053277116, -0.8706686, -0.02608829, 0.99857974, 0.046452686, 0.87190694, 3.1224792e-09, 0.4896716, 29.147, -0.11166906, 42.68216)

[node name="shrine" parent="Node3D/HTerrain/misc" unique_id=1279285287 instance=ExtResource("16_3084y")]
transform = Transform3D(0.99857974, 0.053277116, 0, -0.053277116, 0.99857974, 0, 0, 0, 1, 25.755728, 0.16179085, 40.041508)

[node name="crypt" parent="Node3D/HTerrain/misc" unique_id=463524438 instance=ExtResource("17_i47lc")]
transform = Transform3D(-0.024258126, 0.053277116, -0.99828506, 0.0012942409, 0.99857974, 0.053261396, 0.9997049, -1.9515495e-10, -0.024292624, 40.484577, -1.5460038, 37.330177)

[node name="crypt2" parent="Node3D/HTerrain/misc" unique_id=1902395002 instance=ExtResource("17_i47lc")]
transform = Transform3D(1.4987065, 0.0983355, 1.320685, -0.3528778, 1.9520249, 0.25510013, -1.2764623, -0.42418033, 1.4801064, -45.957428, -6.5989227, -48.96866)

[node name="shrine_candles" parent="Node3D/HTerrain/misc" unique_id=1021069806 instance=ExtResource("18_wx0pr")]
transform = Transform3D(0.97360283, -0.22824892, 0, 0.22824892, 0.97360283, 0, 0, 0, 1, -41.446117, -3.7945995, -38.183426)

[node name="shrine_candles2" parent="Node3D/HTerrain/misc" unique_id=1347571252 instance=ExtResource("18_wx0pr")]
transform = Transform3D(1, 0, 0, 0, 1, 0, 0, 0, 1, -36.39725, -3.3685446, -37.999817)

[node name="shrine_candles3" parent="Node3D/HTerrain/misc" unique_id=1471585827 instance=ExtResource("18_wx0pr")]
transform = Transform3D(0.98165715, -0.1906548, 0, 0.18823408, 0.96919316, 0.15884738, -0.030285014, -0.15593366, 0.98730314, -41.189617, -3.314598, -34.63652)

[node name="shrine_candles4" parent="Node3D/HTerrain/misc" unique_id=1363217503 instance=ExtResource("18_wx0pr")]
transform = Transform3D(1, 0, 0, 0, 1, 0, 0, 0, 1, -36.70141, -2.9107876, -34.590042)

[node name="skull_candle" parent="Node3D/HTerrain/misc" unique_id=879943294 instance=ExtResource("19_jwwb4")]
transform = Transform3D(0.99819976, -0.058707897, -0.012272664, 0.059968673, 0.9735431, 0.22049418, -0.0009967769, -0.2208332, 0.9753111, -38.878357, -3.3446255, -36.428284)

[node name="tree_dead_large" parent="Node3D/HTerrain/misc" unique_id=1557863901 instance=ExtResource("20_uqnd1")]
transform = Transform3D(2, 0, 0, 0, 1.98382, -0.25388685, 0, 0.25388685, 1.98382, 14.590741, 1.1348505, -16.729567)

[node name="tree_dead_large_decorated" parent="Node3D/HTerrain/misc" unique_id=154305498 instance=ExtResource("21_i863g")]
transform = Transform3D(1, 0, 0, 0, 1, 0, 0, 0, 1, -4.9179287, 4.4997063, 1.0954304)

[node name="tree_pine_orange_small" parent="Node3D/HTerrain/misc" unique_id=1671529131 instance=ExtResource("22_ul1f6")]
transform = Transform3D(1, 0, 0, 0, 1, 0, 0, 0, 1, -6.0724297, 3.2825747, -15.898111)

[node name="tree_pine_orange_medium" parent="Node3D/HTerrain/misc" unique_id=1723989001 instance=ExtResource("7_jwwb4")]
transform = Transform3D(1, 0, 0, 0, 1, 0, 0, 0, 1, -3.9233456, 2.8087807, -17.447401)

[node name="tree_pine_yellow_large4" parent="Node3D/HTerrain/misc" unique_id=1922332581 instance=ExtResource("6_dn084")]
transform = Transform3D(1, 0, 0, 0, 0.98698515, 0.16081147, 0, -0.16081147, 0.98698515, -6.739043, 2.1794376, -18.04809)

[node name="grave_A" parent="Node3D/HTerrain/misc" unique_id=1668676563 instance=ExtResource("23_wmh2o")]
transform = Transform3D(1, 0, 0, 0, 0.9998761, 0.01574222, 0, -0.01574222, 0.9998761, 26.478859, 2.224412, 6.7108345)

[node name="grave_A2" parent="Node3D/HTerrain/misc" unique_id=1884301754 instance=ExtResource("23_wmh2o")]
transform = Transform3D(1, 0, 0, 0, 1, 0, 0, 0, 1, 8.280728, 3.338704, 5.444807)

[node name="grave_A3" parent="Node3D/HTerrain/misc" unique_id=589652141 instance=ExtResource("23_wmh2o")]
transform = Transform3D(0.9907928, 0.13538702, 0, -0.13538702, 0.9907928, 0, 0, 0, 1, 13.711001, 1.5167389, 16.79583)

[node name="grave_A4" parent="Node3D/HTerrain/misc" unique_id=608566476 instance=ExtResource("23_wmh2o")]
transform = Transform3D(1, 0, 0, 0, 1, 0, 0, 0, 1, 13.620609, 2.4075012, 13.116341)

[node name="grave_A5" parent="Node3D/HTerrain/misc" unique_id=178353918 instance=ExtResource("23_wmh2o")]
transform = Transform3D(0.98134303, 0.19226506, 0, -0.19226506, 0.98134303, 0, 0, 0, 1, 30.604843, 0.9676938, 13.528545)

[node name="grave_A6" parent="Node3D/HTerrain/misc" unique_id=1383508910 instance=ExtResource("23_wmh2o")]
transform = Transform3D(1, 0, 0, 0, 0.99304384, -0.117745385, 0, 0.117745385, 0.99304384, 15.713215, 0.9914589, 22.676538)

[node name="grave_A7" parent="Node3D/HTerrain/misc" unique_id=708832424 instance=ExtResource("23_wmh2o")]
transform = Transform3D(1, 0, 0, 0, 0.9956681, -0.09297883, 0, 0.09297883, 0.9956681, 22.841055, 0.81535816, 22.378126)

[node name="grave_A8" parent="Node3D/HTerrain/misc" unique_id=1439634122 instance=ExtResource("23_wmh2o")]
transform = Transform3D(1, 0, 0, 0, -0.1559345, -0.9877674, 0, 0.9877674, -0.1559345, 18.752419, 1.1558666, 21.863834)

[node name="grave_A_destroyed" parent="Node3D/HTerrain/misc" unique_id=1959654387 instance=ExtResource("24_d7tg2")]
transform = Transform3D(1, 0, 0, 0, 1, 0, 0, 0, 1, 20.987513, 1.0709763, 16.497694)

[node name="plaque" parent="Node3D/HTerrain/misc" unique_id=1037758641 instance=ExtResource("25_xu5yr")]
transform = Transform3D(1, 0, 0, 0, 1, 0, 0, 0, 1, 16.182392, 1.2588634, 16.960062)

[node name="post_skull" parent="Node3D/HTerrain/misc" unique_id=1638859506 instance=ExtResource("26_4e3pu")]
transform = Transform3D(1, 0, 0, 0, 1, 0, 0, 0, 1, 7.6987123, 2.7044644, 12.251699)

[node name="ribcage" parent="Node3D/HTerrain/misc" unique_id=845625228 instance=ExtResource("27_b6687")]
transform = Transform3D(1, 0, 0, 0, 1, 0, 0, 0, 1, 16.068647, 1.9376192, 16.871452)

[node name="skull" parent="Node3D/HTerrain/misc" unique_id=1476662122 instance=ExtResource("28_7dbwh")]
transform = Transform3D(1, 0, 0, 0, 1, 0, 0, 0, 1, 15.975939, 2.1819768, 16.467077)

[node name="tree_pine_orange_small2" parent="Node3D/HTerrain/misc" unique_id=1113183322 instance=ExtResource("22_ul1f6")]
transform = Transform3D(1, 0, 0, 0, 1, 0, 0, 0, 1, 6.6804295, 1.5705328, 31.413898)

[node name="tree_pine_yellow_large5" parent="Node3D/HTerrain/misc" unique_id=1703361926 instance=ExtResource("6_dn084")]
transform = Transform3D(0.97543466, 0.22028886, 0, -0.22028886, 0.97543466, 0, 0, 0, 1, 7.739783, 0.82979774, 33.81488)

[node name="tree_pine_yellow_medium" parent="Node3D/HTerrain/misc" unique_id=164501218 instance=ExtResource("9_i47lc")]
transform = Transform3D(0.99009246, -0.14041743, 0, 0.14041743, 0.99009246, 0, 0, 0, 1, 5.1296797, 1.1654663, 33.078575)

[node name="tree_pine_yellow_small2" parent="Node3D/HTerrain/misc" unique_id=535116931 instance=ExtResource("8_3084y")]
transform = Transform3D(1, 0, 0, 0, 1, 0, 0, 0, 1, 1.4061884, 1.8860788, 33.770172)

[node name="tree_pine_yellow_large" parent="." unique_id=1128158320 instance=ExtResource("6_dn084")]
transform = Transform3D(-0.11134749, -0.9937815, 0, 0.9937815, -0.11134749, 0, 0, 0, 1, -13.169261, -1.0352298, -39.892864)

[node name="tree_pine_orange_small" parent="." unique_id=726538785 instance=ExtResource("22_ul1f6")]
transform = Transform3D(0.08515607, 0.9963676, 0, -0.9963676, 0.08515607, 0, 0, 0, 1, -25.00835, -1.2953358, -35.940327)

[node name="coffin_decorated" parent="." unique_id=954176066 instance=ExtResource("30_ul1f6")]
transform = Transform3D(0.9440652, 0.32886797, 0.024220388, -0.02916827, 0.15644133, -0.9872566, -0.3284661, 0.93132824, 0.15728348, -25.2969, 0.10806131, -35.837486)

[node name="coffin_decorated2" parent="." unique_id=459946120 instance=ExtResource("30_ul1f6")]
transform = Transform3D(0.817004, 0.5648625, 0.11590851, 0, 0.20100954, -0.9795894, -0.576632, 0.8003285, 0.16422561, -27.689247, 0.17386973, -34.108112)

[node name="coffin_decorated3" parent="." unique_id=469747714 instance=ExtResource("30_ul1f6")]
transform = Transform3D(0.47749618, 0.87405336, 0.08960002, 0, 0.101976514, -0.9947868, -0.87863386, 0.4750069, 0.048693396, -29.628252, 0.71484226, -31.961884)
