[gd_scene format=3 uid="uid://bryc4xnelx42o"]

[ext_resource type="PackedScene" uid="uid://2hm4l3fhdfyq" path="res://assets/Mesh Graveyard/fbx/coffin.fbx" id="1_gi7aj"]

[sub_resource type="CylinderShape3D" id="CylinderShape3D_bcm8v"]
height = 2.850029
radius = 0.7573242

[node name="coffin" unique_id=1579201927 instance=ExtResource("1_gi7aj")]

[node name="coffin_lid" parent="coffin" parent_id_path=PackedInt32Array(16526665) index="0" unique_id=254323237]
transform = Transform3D(0.98229057, -2.2335554e-08, 0.18736419, 2.2335554e-08, 1.0000001, 2.111129e-09, -0.18736419, 2.1111433e-09, 0.98229057, 0, 0, 0)

[node name="StaticBody3D" type="StaticBody3D" parent="." index="1" unique_id=1719441720]
transform = Transform3D(0.9999915, 0.0035103564, -0.0021805633, -0.0035061724, 0.999992, 0.0019204029, 0.0021872846, -0.0019127441, 0.99999577, 0, 0.7813941, 0)

[node name="CollisionShape3D" type="CollisionShape3D" parent="StaticBody3D" index="0" unique_id=1831242508]
transform = Transform3D(-0.99997896, -0.0042598294, -0.0057526426, -0.005873731, 0.028974008, 0.99955803, -0.0040912507, 0.99956614, -0.028997786, -0.004604119, -0.3489852, -0.17381921)
shape = SubResource("CylinderShape3D_bcm8v")
